image: shapes_1_map.pgm
resolution: 0.200000
origin: [-30.000000, -30.000000, 0.0]
negate: 0
occupied_thresh: 0.65
free_thresh: 0.196

